base_position:
  x: 548720.305004451
  y: 4450078.25530569
  z: 0.0

  covariance: [0.0, 0.0, 0.0, 0.0, 0.0, 0.0, 0.0, 0.0, 0.0]
